(158419434,1333)
(100318079,2153)
(16098603,2355)
(17092592,1084)
(25026165,1048)
(103598216,1161)
(15234657,1700)
(124528830,1169)
(24742040,1839)
(121258930,1250)
(317076339,1232)
(263838766,2277)
(280935165,1685)
(27633075,3607)
(50393960,1127)
(187744415,1057)
(31353077,2135)
(164880154,1055)
(14922225,1490)
(19493072,1467)
(22462180,7546)
(35722372,1157)
(8470732,1033)
(24585498,1400)
(18996905,3208)
(19358562,1893)
(816653,1025)
(307458983,1164)
(26281970,1763)
(274153775,1293)
(204140367,1499)
(47787563,1537)
(116952434,1772)
(195475105,2029)
(461410856,1106)
(123371682,1313)
(225784456,1055)
(657863,1274)
(88323281,2315)
(90779436,1095)
(309366491,2234)
(21436960,1341)
(28465635,1621)
(65913144,1827)
(46209291,1028)
(3829151,1313)
(18393773,1069)
(783214,1487)
(21681252,1447)
(18713254,1226)
(15439395,1354)
(10671602,2793)
(17759701,1294)
(27855118,1634)
(43003845,7621)
(15661871,1055)
(15913,4247)
(96848570,1254)
(144040563,1297)
(24942585,1010)
(314316607,1459)
(18776017,2301)
(121533789,1643)
(215785630,1287)
(428333,1393)
(47785747,1040)
(16475194,1684)
(46423291,1459)
(151338729,1952)
(196680777,1314)
(19040580,1512)
(290097288,1168)
(62581962,1342)
(153226312,1356)
(104209445,1101)
(18666844,1149)
(15222083,1211)
(24641194,1236)
(73019162,1045)
(172883064,1017)
(11348282,3785)
(69592091,1641)
(83943787,2641)
(270449528,1989)
(90420314,2168)
(14230524,1423)
(63485337,2029)
(47161442,1351)
(112939321,1160)
(2367911,1375)
(10350,2023)
