(173732041,1364)
(440963134,1143)
(28123862,1194)
(131601987,1346)
(14824849,1154)
(14654965,2096)
(57986173,1140)
(18927441,2607)
(43166813,1060)
(229039814,1350)
(7861312,3612)
(208132323,1068)
(31331740,3575)
(56860418,1322)
(276706356,1694)
(19725644,1377)
(238260874,2518)
(302847930,1182)
(79797834,1702)
(813286,3086)
(16112634,1219)
(29514951,1272)
(16580226,1239)
(117674417,2815)
(26929220,1505)
(30313925,1736)
(82030021,1618)
(115485051,4691)
(59804598,2018)
(972651,1548)
(22027186,1010)
(149538028,1377)
(146155608,1066)
(93905958,1469)
(206923844,1042)
(48485771,2675)
(17093617,1353)
(12925072,1002)
(4620451,1045)
(14269220,1020)
(3359851,3905)
(187773078,1730)
(18742444,1585)
(9451052,1184)
(14498387,1164)
(22679419,1369)
(15924858,1195)
(262340283,1006)
(43933017,1112)
(7872262,1536)
(22705686,1047)
(25521487,1185)
(14075928,1502)
(22784458,2927)
(87764480,1260)
(24004172,1117)
(16303106,1956)
(15485441,1215)
(111164068,1166)
(17868918,2862)
(157829215,1296)
(20397258,1104)
(8088112,2501)
(16464746,2375)
(11928542,1412)
(15853668,2588)
(40981798,8569)
(34428380,7481)
(17224642,1371)
(139162440,1120)
(18753000,1194)
(1183041,2522)
(45416789,1204)
(5442012,1733)
(254839786,1577)
(116036694,2205)
(19802879,1448)
(259842341,1371)
(204317520,1650)
(284422688,1492)
(133055665,2305)
(34068984,2645)
(28149277,1245)
(42361118,1055)
(7860742,3138)
(294198566,1207)
